algorithm,102,116,137,149,151,169,173,180,183,195,201,231,235,271,293,299,319,329,331,333,338,343,355,411,412,424,442,453,482,496,549,593,624,678,710,727,737,749,752,755,840,846,856,869,884,890,897,911,937,943,953,993,1015,1019,1051,1088,1101,1113,1117,1125,1142,1164,1173,1182,1202,1203,1219,1243,1260,1266,1274,1340,1347,1348,1352,1369,1395,1413,1415,1421,1426,1447,1458,1484,1524,1551,1556,1560,1579,1597,1599,1605,1611,1624,1645,1647,1651,1717,1733,1748,1779,1780,1812,1824,1834,1842,1851,1865,1912,1930,1941,1943,1954,1958,1980,2018,2022,2023,2041,2047,2050,2063,2070,2071,2092,2106,2114,2122,2176,2188,2232,2246,2247,2271,2321,2380,2395,2565,2760,2784,2796,2810,2820,2840,2841,2849,2868,2898,2918,2986,3002,3012,3013,3051,3055,3057,3067,3085,3106,3125,3158,3203,3210,3219,3229,3277,3285,3301,3312,3313,3363,3457,3462,3471,3475,3503,3512,3518,3520,3531,3547,3560,3562,3626,3648,3688,3693,3695,3733,3751,3768,3821,3824,3832,3840,3995,4042,4058,4063,4116,4126,4169,4258,4277,4312,4579,4600,4607,4634,4680,4682,4697,4700,4771,4802,4823,4829,4831,4834,4842,4867,4934,5034,5054,5096,5205,5242,5250,5304,5312,5317,5329,5333,5387,5394,5397,5424,5458,5475,5536,5539,5580,5605,5636,5734,5787,5872,5875,5938,5948,5956,6040
itemKNN,1.9239284287844272,1.1539335265735695,0.5557788885418302,0.9067946338215478,0.6741754782610626,1.2143706127221234,0.8394897625991209,0.7665828663720191,1.5500737596999798,0.8462258927545598,0.981205169585954,1.3468078446568346,0.6090259519967663,1.2178681136380278,1.0325048890773652,0.5152809644566867,0.5449013271780357,0.4599857064492108,0.7450857431441187,1.24186232904065,0.8166644391644812,0.9970035626396014,1.0491605542425957,0.8650362777412901,0.6731265362379135,0.7070099724635637,0.9232264782889188,0.4785833866643356,0.8773154194327658,0.8237139906522576,1.2152014279999352,1.1011242212966732,0.8335735829285942,0.4980052045617707,0.6683657342165608,1.2670975911317206,0.4773749210281242,0.7708005445585926,0.9685789577825538,0.8658033112846555,0.6735617948803424,0.5734443300961354,1.018007795546428,1.0176086172719063,0.8983880663283602,1.1535034668946438,0.9265786106419605,0.8904242453478896,0.8729931072464671,0.8049377896259043,0.672869771121039,0.9739248323046832,0.7476347346768724,1.2316760776396636,1.8282282410861992,0.7188102759169684,1.0490257145231812,0.532360701853584,0.6340765863759884,0.9900256596571242,0.9406399436407268,0.8952548344680047,0.9712836062784428,0.7879596505736352,0.4986135823263718,0.664235133383542,0.8653591685698897,0.4486438134797398,0.4664151195749844,0.7079010322371173,0.7764011546597441,0.769816084926561,0.924810040888536,0.9317979749634262,0.5003018677623222,0.7850165313701062,0.5990070847743355,1.2695646560756697,0.871350062264479,0.9386586772356232,0.3780440128343076,0.8354719418635806,0.7863740658912779,0.7811367091507088,0.741472878850337,0.7216184214083218,1.227066785347822,0.9898261843898366,0.8429026906169844,0.9184942831734864,0.8659187407402862,0.7843140401525102,0.6453299736244668,1.4216594116594308,1.178401990060743,0.7604589485758624,1.316363238753869,0.725945580592403,0.5465332071490571,0.6237940515051144,1.2517360360440817,0.5490447698163514,0.9206149228058348,0.7867102763142448,0.8590898952850419,0.6347481025455534,0.6787611572662237,0.8119932621796461,0.9001871826142775,0.6686297863797882,0.9916502593182616,0.5904786079647778,1.25026246578803,0.806440782324497,0.7389557757505149,0.9817534407280912,0.7775207193401946,0.9637275166192594,0.7144229304578066,0.91020691764289,0.7195812660557931,1.0645376142315397,0.6982690169572741,0.4496510463906747,0.6602924263567791,1.0263246382039195,0.3546757771726865,0.8227491513443079,0.6651729820935398,0.644270623503411,0.9948922568676324,1.2003799594775044,1.6822738483702102,0.5314130090468294,0.922299541519802,0.8767876726195337,0.7957637163285435,0.820699889002242,0.7944765177922064,0.8510972574062504,1.0069974473120946,1.2288079800042295,0.3599488124943281,1.100193644948093,0.8328144690610236,0.4479938543912933,0.6323838165840139,0.881931322641204,0.9310975076043638,0.7783696372547024,0.7361995203364865,1.340143947694039,1.0322817175024783,0.7814118978004901,0.7779568385311132,1.06496838374485,0.7985315038080479,0.767586778930849,0.742890467406872,0.82287035636292,0.7781196071564348,0.6393215283154626,1.3764245212464523,0.5694761593783029,1.649771148782364,0.6803040263922826,0.766539318701939,0.8731019739897765,1.063042868249324,0.4796712693882348,1.2919897922962231,0.5495916964695122,0.8198245566656774,0.7336058792513017,1.291752898584906,0.7891382496676259,0.6664801770513746,0.8512896486919386,0.6770712612610822,0.7504090443562016,1.5926855800777755,0.6560663118350909,0.4763600477176668,0.8134090608305026,1.0021319231818877,0.805981417577119,0.5217389405260309,0.7054497706328717,0.9465442208216932,0.9123024353373508,0.5530358411083848,1.3248695514931694,0.7182963685772245,0.7500842446916846,1.2615370880963497,1.2683112689281415,0.9111959539417772,0.8509773654966233,0.751382971715193,0.5342209091575821,0.6860324029833157,0.9451362977275334,0.6628082973615655,0.78113118885706,0.723547215821929,0.8251151410918389,1.0218665116194992,0.6315053196079335,0.5263887340666128,0.975424633184372,1.044991064538964,0.8443485368209356,1.15861626658045,0.7207623606634604,0.8937963146005554,0.6201323851433532,0.3194364619164435,0.9427405531603932,0.6264719256624572,1.3116625660922434,0.6285597457610527,1.227959263807214,0.4677937098762823,0.6611496535805526,0.7210368712213049,1.2659912422798123,1.0645746101108966,0.910128864902402,0.4316439590954294,0.8599438716710065,0.572266421131243,0.8956513997869906,0.9613568081572598,1.0106157122971962,0.6283856164700113,0.8538945590087225,0.4785726134207286,0.9494506771569826,0.7298794251493796,2.66447379183877,0.696839728785607,0.762208149001201,1.5380419606893705,1.143574474631898,0.5648902858477295,0.8202461103444294,0.6127886671196552,0.590283224459796,0.784259073284206,0.5689911827093939,0.518558642307277,0.5766205806625858
BIAS,1.695469695509583,1.132280439123575,0.5938898046692725,0.8455549134749291,0.4811732258964177,1.2769120128716889,0.8970772706258953,0.7642665693204459,1.407188777987631,0.8780850771761362,0.9837765253484336,1.2916900963988849,0.6356415002014287,1.2171853659176746,1.079147890618443,0.5821640073821895,0.610685543116428,0.5482151687052581,0.8040506260684439,1.1037146242202374,0.937160311940798,1.0687067264126893,0.9879346314234276,0.8930636987043313,0.5650754533697702,0.6970698894984059,0.9330088302173808,0.4182161986078602,0.8730555900590611,0.9340577471673456,1.4847057071134588,0.9947283629847684,0.8632435536982414,0.3960728434766399,0.6607622060469786,1.4518515584525375,0.5172419667706679,0.8166997365222651,1.152293376895304,0.7783412944356471,0.7382240626498251,0.5748629673158382,1.03203977820703,1.0393411969494204,0.8836787529016799,1.277641975643471,0.9304763797199032,1.1714095490153722,0.8017935396180439,0.82256319672438,0.6517694835359926,0.9674302783304004,0.5823334581618345,1.4502758092432515,1.8725786611848667,0.718644203508368,0.885377162958051,0.5156322620618652,0.6511541257923851,0.9793179844918982,1.032490512961088,0.941561674929336,1.1034050668067317,0.9217711712558188,0.6143235353179602,0.70817529477454,0.8873914554748028,0.4731727223013265,0.5140813531671122,0.7620607524265706,0.8465259901647655,0.950397648565436,0.991724511452726,0.8910751059203175,0.6820419561274933,0.7594288576505667,0.6824303650788646,1.2539812021818215,0.9204917148337504,1.0952363275272052,0.3454877012241913,0.9188725137359762,0.8926824117019379,0.7852750429285815,0.8069483126497934,0.6872459704544716,1.293611883770676,0.9627429613278368,0.8264687609338008,0.8994509460225146,1.1878685312454182,0.6964416449745998,0.6162489212667419,1.4176514622805363,1.2913730378869144,0.8225968520903915,1.491934571865578,0.7993493899909265,0.5900104611828012,0.6680816533634586,1.4991522549267609,0.6542495596634587,0.6506235795012915,0.8843553920074215,0.987348870144288,0.6707170448949216,0.7017584225593287,0.7973548353298411,0.8438005340186623,0.7040188483454205,1.01211738586583,0.5645408995311438,1.0385309385655346,0.8225511813300344,0.7317966883808665,1.0598170857858733,0.9378016158444182,1.0235228119675877,0.7920057361851903,0.9020667798920998,0.7566196020330772,1.0421074745259329,0.7008627849323573,0.3957936945309547,0.6432714503697122,1.3304271365145688,0.3844876169267103,0.8721639044494904,0.8183451498392994,0.6743305775284867,0.9905216563148064,1.172398312079696,1.668114734306616,0.5522262005112658,0.9083100343910544,1.0179579564404493,0.899371080349828,0.8589567948849122,0.8482222627124478,0.8890449970375781,1.0450341691622331,1.1912282711162967,0.4676003257150856,1.1849001752217714,0.9042575147709626,0.4581030955056449,0.6834374261967584,0.854175568491575,1.0638624148245592,0.7509269490410088,0.6824283998914361,1.41419509664804,0.934062461096165,0.9260106018218364,0.7607508352492696,1.0416479215569845,0.8208832410665384,0.8663405452420481,0.7553858019112438,0.936365235475246,0.6474091210336945,0.6140568882888076,1.4237981297849658,0.6281900228637861,1.6968747431018527,0.6918179329067599,0.7716548423680198,1.0392853172925962,1.1254449805573912,0.5682824797568401,1.397309406023668,0.5628644670459719,0.815693796527534,0.7560281514333459,1.3878438887126097,0.7191387934182114,0.7590302969839662,0.9314232764837156,0.7066689648472451,0.7408502713544333,1.6309208064632676,0.6289390048158424,0.4673569096335444,1.1475545387716586,1.0458373393885338,0.8435010722770789,0.5009106604037218,0.7069227539287452,0.9771822866181794,0.8884292737696186,0.5878423199026569,1.1991365892910375,0.7034091920588595,0.8413927286302448,1.2874896219505785,1.2689730437428894,1.0317954425242497,0.9031705715293424,0.8605497438951967,0.4647018626071941,0.7970659827540179,0.8285069567548902,0.6581599822947969,0.7618478281626838,0.7233263154620508,0.8759435651486729,0.9965301482828828,0.6530281773968828,0.5342713308206745,0.9460136094036412,1.1756564165331422,0.9473108232770546,1.1585386989302062,0.7400443960151003,0.8668323579234412,0.5871282468706625,0.3362760892165273,1.1196488776064406,0.664572031812217,1.324444839807134,0.5949903769520357,1.2215200093314535,0.4354117796133011,0.6690302509657736,0.8574631620091464,0.986140243336161,1.0172521630670288,0.6051157079965683,0.4434272973995945,0.8761897877842943,0.5253549023338058,0.803431314089723,0.9743214638772,0.998099799475486,0.6412982920548091,0.7072779559600083,0.4675230086590083,1.0257899925088747,0.6953825016399299,2.3758365062785733,0.7703446163130229,0.7883246997797266,1.4549748099939928,1.3296014523217805,0.5049443643416014,0.8505879633205571,0.6210275609015836,0.6252449405359373,0.7877681184242685,0.6390635442696324,0.5012443594457328,0.5519233743609658
userKNN,2.0040650811980067,1.0692683579647524,0.6246983941477101,0.9164751321682651,0.6423207673610674,1.236838076229752,0.9250339041727074,0.9141514806304012,1.3359994337511658,0.8969329003468193,0.8697965918687568,1.52563966536971,0.5389796589624148,1.250519529996772,1.0866004977485948,0.6388972211758492,0.571662554145452,0.7368741149265493,0.810914266751864,1.1648597024794374,1.009230961645473,0.9780453610038108,1.0125163305368097,0.9232500095574168,0.6911381623252911,0.8014011532429351,1.0310766229492787,0.5501886693515217,0.9094141960409216,0.7877645724176257,1.4350399404292495,1.0623031224324593,0.853991996711703,0.408601459031605,0.6831905679435998,1.4598400624229295,0.2366990512660624,0.8089610015948878,1.07963151762507,0.8850552536770921,0.6426923586823794,0.6403791980972944,1.1729727130064829,1.001057840536938,0.9182692132480584,1.2048621002268536,0.9671281159086782,1.021661682159713,0.7915997977892164,0.8244255979985281,0.5344034149193031,0.9325423038548748,0.6681300128675255,1.385320417889636,1.8122508826670245,0.7636529704601355,0.8920436287092928,0.6447894597214276,0.6382897413128311,0.9999319452811511,1.1111987756177977,1.0316945634442578,0.986067729903058,0.801574105653875,0.5478569029576842,0.7402339992798684,0.7834391159231189,0.5199699726501222,0.5324216772700145,0.7159356669992513,0.7744112593405844,0.9596405270761674,0.9948695496380912,0.9056523813002528,0.6332881625380335,0.8150131789649895,0.614840668775733,1.2072542489854203,0.8325627424871835,1.1033924813175044,0.3746979134632679,0.8968103336239245,0.7968797951922986,0.77050982505695,0.7471450574367609,0.7053959093357689,1.2235725715294594,0.982761192327694,0.8411406075002278,0.8873259722701836,1.1013841815855536,0.6631379506264168,0.6078458570595902,1.3652158918383417,1.2586281741881382,0.6824728570824367,1.554171584832535,0.6807018092919882,0.6192790347929175,0.8113170753665959,1.351502221130232,0.6588569300667548,0.6118117027483019,0.825688483650673,0.6301791446627436,0.6711812011820818,0.6714425391288017,0.7767360454534511,0.7696010446559267,0.7397317616304462,0.9520363162165094,0.4931267509282712,1.1149928362967374,0.9591194631368322,0.7581085848812176,1.0191238593570746,0.8605293133504843,1.234797002268005,0.8019154689445261,0.9219588048689548,0.839034309257237,1.1552706356605018,0.6744846100493527,0.5114072643308313,0.6442764958698719,1.3668019147937311,0.4686514360983758,0.7284001483778038,0.7450946130558249,0.4873816914670096,1.073221264612731,1.13629492279269,1.998228303911844,0.6012322762619403,0.8790864863342891,0.9932221856338284,0.8426795024265542,0.7948028784847431,0.649184115828228,0.8756805789012557,1.192718450900103,1.2048543888925376,0.6443788714767259,1.191395068948209,1.146448474966011,0.7098416044699213,0.6080871113496217,0.9089717900982408,1.0244722951163994,0.7419262544343331,0.8727466757959481,1.4030029680149143,0.8475145729462975,0.9332777380854704,0.7839441449986312,1.1956210970657393,0.8440777072809571,0.8467965139994723,0.6164833513370787,0.8314341557566941,0.5456378932068099,0.6730718013579293,1.506950579475013,0.5468859790235845,1.7585695478179744,0.7657114870045084,0.7442218050381122,0.8747104116846622,1.155005930279244,0.8809469164316436,1.4461437030082902,0.7195559771943696,0.8565102120313318,0.7473591392616998,1.564113966640653,0.7159791647340514,0.7615687317314763,0.9243651855873192,0.807899062658354,0.6091259644977606,1.7036811702738663,0.6960973761974465,0.6189566142379357,1.016623748072354,0.9953933812161098,0.8678282202438233,0.4520302835600324,0.6450811137777934,1.1425533199583215,0.9926668680020896,0.6318738388518182,1.255059213285209,0.7945002005103127,0.7583604149776934,1.347965004501643,1.2513096968205104,1.0374599082685865,0.8429115285192951,0.843391808539264,0.4813552838299312,0.735492686403455,1.1019725634569542,0.5883837469710135,0.8024748428001102,0.7072570282467501,0.9562752004356772,1.0381035891934056,0.698727366921089,0.4681791701931461,1.0454428635450048,1.0983497947659653,0.8674294203530927,1.2583617714990578,0.7393153409385917,0.8682165674526302,0.7109931405927457,0.4030220015796046,0.9167731159813816,0.653426351418448,1.58680336311908,0.6504068913480753,1.26615536227314,0.5189012313769445,0.6302977911403304,0.8325688221441208,1.2612102657491155,0.972629637701955,0.7563938851454349,0.4557458667359144,0.9727343110947,0.5482065356255125,0.6439625274716587,0.9737490958997328,1.1287402995693228,0.7135202706304663,0.6760228269311523,0.4956841533289061,1.0760775482216762,0.5876915735772864,1.9482352688383096,0.6046574778477805,0.7684558295502715,1.4719390897351436,1.329514402172903,0.6014339719950926,0.9558873379572184,0.6963997612847728,0.8498429505075357,0.7642326825712301,0.6415908969005952,0.520491782477213,0.6621995974409397
SVD,1.698328772890231,1.1376286535880102,0.5879292038288629,0.8546123879245376,0.4904203288154458,1.257528226108904,0.886017068856167,0.7775849395689789,1.4370485447860977,0.8598616277625302,0.9853218193855294,1.2819952400158925,0.6132066044116316,1.1855279163819057,1.070420721329947,0.5591620334560932,0.5559385670641157,0.5363914919510578,0.784916571677629,1.1038454468774066,0.7989525125162595,1.0673684412045843,1.043187328247179,0.8725826495260115,0.5498643112650947,0.6754622112195707,0.9335243497227126,0.4042341740698037,0.8357751111471399,0.8688155501735315,1.3641875368272314,0.9970148569313108,0.880189064097672,0.3757165622257831,0.682082005252646,1.404122810582252,0.5417512622265322,0.7809177340502894,1.076463083642323,0.7773972043279868,0.6669188947666581,0.5712819733642259,1.0359074596035625,1.000986165915984,0.8866860428668841,1.2545074714084914,0.8982125660587761,1.030627214033922,0.8073033799649892,0.8364936548933856,0.6418636831773497,0.986776014834046,0.6020215699976309,1.2628610016858055,1.836184334256616,0.7060218566174629,0.8639173086378814,0.5453042300019588,0.6283988498582175,0.9545829993937854,1.0274606364359042,0.9328964411424704,1.0920120400744318,0.8783145410848315,0.5757901630857342,0.697045349800557,0.8233907001369648,0.4828509474180785,0.4947391182802333,0.7330064869927377,0.788938934179588,0.873996875303347,0.9885746290661817,0.87643191790691,0.6204875771556215,0.7285287436177584,0.6682394344866531,1.2364891179558586,0.8835379816146892,1.0304012440654553,0.3668160535621356,0.8945278288096108,0.8679559349255115,0.7781364148597812,0.8328801671467391,0.6939927082857812,1.3167751986777931,0.967339379118314,0.8171206524827938,0.9196203841975376,1.0449431221029544,0.6961703961620803,0.5918596271250138,1.396102287216778,1.2891918630975945,0.7385748971426677,1.4765983821690551,0.807598408284787,0.5606528076789169,0.6909926144424814,1.3545457609606129,0.5851351675561297,0.6801682198638412,0.8570025493049468,0.9637494233412558,0.647788007699052,0.6765341885515778,0.8150475458210816,0.8865589245782398,0.6759195940858479,0.9543457594392494,0.5129232321946956,1.0589794818541949,0.8488619389536007,0.7112102821865863,1.0578363243273068,0.8613350314646128,1.0125787929562742,0.7378337116200814,0.8895530051666813,0.7385142052263354,1.0425570417529262,0.7138340955633399,0.434941018994169,0.6233736868642742,1.2623368533787034,0.3923600640450587,0.8257379538614957,0.7636054052637435,0.5554262154645463,0.9744052511306062,1.1637286339601,1.6129773383014856,0.5787440299734627,0.9226434791266632,1.018241332645624,0.8519504432345953,0.7854808875262956,0.836300617298071,0.8780552918686381,1.041903547417525,1.200568712104284,0.4601852136728891,1.1622936830609578,0.9043076873632164,0.4526994734389996,0.721914611504302,0.8493790237290787,1.0268276926370596,0.7222430877873018,0.6813076383177469,1.3735606596573564,0.9446083357484556,0.9392198885810792,0.7575942215486327,1.0883975370361334,0.8274464413044117,0.8617737289767949,0.7398230277121447,0.8715225482012294,0.6709563779714183,0.6307140874204429,1.423577611949885,0.5632053219211451,1.69083097766908,0.6626060155904292,0.7503250506995495,0.9786872791651288,1.1033344407772367,0.5820347702395039,1.344631920983383,0.5448414526073804,0.8378444456103733,0.7282612960648901,1.376370687247277,0.7033276131807427,0.7422585897079418,0.95346349070762,0.6756752744444827,0.7373083995801224,1.6536844882807342,0.6357586381586451,0.4966840421859108,0.9594111784996172,1.0205128534192212,0.8595965316517065,0.4664242411016374,0.7085814611712447,0.9593359081505772,0.9393673575472514,0.6055971676293923,1.1789656995706057,0.7265522018173256,0.8383017414517524,1.274791741648262,1.1919300672436104,0.9618054904855492,0.8563940986366816,0.8520874934990508,0.4545879310373302,0.7224446497731359,0.8573677459120113,0.6665591928245717,0.7440321312897334,0.7251228399902921,0.8689714679603605,0.9903135317595264,0.6420324904426121,0.5312132399354509,0.9282304143528805,1.1130799823869264,0.9488571929836188,1.158093533874981,0.7201186928265041,0.8677966870944666,0.5863532449131561,0.3313833560769301,1.1171308584287276,0.6750418331167257,1.3225275560622791,0.5974059003512293,1.213099768949209,0.4414683407047956,0.6671138369928498,0.857014198239766,1.0071247989490646,1.0168575036857566,0.607772558572425,0.4292631738716232,0.8654343673674951,0.5480617795922935,0.8017012841422939,0.963675801585224,1.0011393707236669,0.6233126027446012,0.7447853669445444,0.4586264680789949,1.0086024266228892,0.6998240175019591,2.375793420241395,0.7179791955699102,0.7849130616252846,1.4280202446395036,1.3216093122973256,0.5205306137019511,0.8488781931843974,0.6241080361955327,0.6140569800361935,0.7767679561882485,0.6412622412713773,0.5015276547682639,0.5518438032480943
BIASEDMF,1.6935375027506223,1.139761292513519,0.5713830784795514,0.8454040908435564,0.5350215799682645,1.162275204749142,0.8730772807331237,0.7956005351191747,1.489793335369176,0.866739388533572,0.970729640667935,1.3487426129158635,0.5904760160154259,1.2183061003551148,1.039543169427785,0.5688546122373174,0.5740718337430294,0.4852240864706223,0.7681579379936427,1.144097963953948,0.8859634143197632,1.0691386651805834,1.031652274223062,0.8983416063686563,0.5212014846767794,0.6855188616484128,0.9263320538832092,0.403867519557727,0.8503315423727726,0.8225035300854231,1.342392753982724,1.0837594723575414,0.8454527962421212,0.3780513628103181,0.6715859242481205,1.3496523276204957,0.4231937223585703,0.7523202301726649,1.0928385873199715,0.7746793411877128,0.6667913179056527,0.5533317641614302,1.1242978183131878,1.0172277745513336,0.8752368748971874,1.137356647204249,0.9020224093290696,0.9454656430913502,0.8426076184749455,0.7818802190660044,0.6474492960816973,1.0095863783633316,0.5960288148113169,1.4708188019631163,1.869709965839004,0.7155244022008415,0.8821244282525411,0.5263841187384222,0.6324130350853272,1.011187141587632,1.0421658028583076,0.9445858658705116,1.0880498786239303,0.8123081768591888,0.5812307039809613,0.6957627073766264,0.7778995666622619,0.4623979420178399,0.5047737299831215,0.6556162278105317,0.8060311404801364,0.9259245518108016,0.9846357413786416,0.9059394557898264,0.5040578036136926,0.7550357637649069,0.6287565529108224,1.2455919099696822,0.8685307819630617,1.0331788375592843,0.3106919800957308,0.8393047838110423,0.8067508823016243,0.7492748808526883,0.6368032163410418,0.7144088290250593,1.267086704864806,0.9875271113722826,0.8179171036413374,0.8686497781019616,1.0936938676863148,0.6280714674491161,0.6015594247302712,1.3473452797683427,1.2682830331842148,0.7778704249248548,1.4052249697345374,0.6774750580658206,0.543026125607066,0.6511673779705928,1.231925577210259,0.6483791701424887,0.6656417627124575,0.8157427472925227,0.7718567536639108,0.6159298740401915,0.6874262829344903,0.8038379072777105,0.8302722722625289,0.7006228669209308,0.9389177111430576,0.5114053109486697,1.077108487099218,0.8184097489842738,0.7405371317540029,0.9962849361438104,0.7982868691455174,1.007009394532725,0.7566698359815343,0.927268973726122,0.7628644836777538,1.0185485354360375,0.7110443435535897,0.412982669803598,0.62522257750231,1.1812909586706872,0.3905578588332477,0.8268013842273271,0.6985545148637263,0.5754142428191309,0.9909807574623756,1.1301402834167311,1.7318225589843497,0.5512947368214671,0.8930353790726477,0.9752476611320204,0.846619924215229,0.7303212623907243,0.7981532269891483,0.8579945408225578,1.042891369221615,1.1818341121707432,0.4340313497363033,1.1827519296490807,0.9208457680759672,0.456425040140358,0.7026257447363766,0.8611785930215536,0.9995576524367094,0.7160031844394009,0.6780769986098443,1.3705608868726176,0.96593467034413,0.90556293798727,0.7504297837088573,1.0707134544781118,0.7959725830621469,0.7870673896342413,0.7247598437939964,0.878184363263605,0.5865204817930405,0.6304350971410215,1.411374649253021,0.5074192100136318,1.7176698478177792,0.6899204393312041,0.7455838658029754,0.8791674620745992,1.164240661345873,0.5194054716046018,1.3266222596018102,0.6465029699790019,0.8272818047870709,0.7411611892710872,1.3809777080786898,0.6779684947483514,0.7172197946231742,0.9542782989803588,0.6865253001414217,0.7113699648678513,1.6308059581645198,0.6774225297903902,0.4207220294933445,1.0326325352255885,1.013844824961572,0.8094950252722146,0.4658998121032345,0.6642916908592181,0.9500043428914142,0.9053172720984486,0.5643958862761713,1.2063853056854168,0.6930534815971352,0.7871110058173348,1.2372501181647884,1.2127455407020278,0.985250184571775,0.8538527991860116,0.6909487072382057,0.4760188834545851,0.7020376609552568,0.9469557159106736,0.6623626338234666,0.7493321893238017,0.7051768207042011,0.8602324398526893,0.9821956413227412,0.6377655678257047,0.5164075828399379,0.9370618078397996,1.0844501720921833,0.8931609485002417,1.1678615292022672,0.7145493644243551,0.869138870235346,0.6195635964392525,0.3562099844598014,1.0266215505814595,0.6365487210338349,1.2982269488646558,0.6165590555931701,1.281309329117993,0.4096789538069693,0.6181929588324905,0.6825038285479738,1.201249268334042,1.0700013524688383,0.637220058124902,0.4218217172435506,0.8217224168156823,0.515395960295566,0.8230038969464712,0.9427935343097036,1.0320774841038076,0.6296205436369707,0.8185249191144066,0.4703891860220567,1.0230424323027894,0.6828612339162209,2.5072206391642395,0.6540028226584286,0.7880913957121425,1.5075817767430455,1.2780906624502442,0.4992783217429216,0.8283158375701861,0.5915664273196972,0.5862575938047224,0.7911712281022688,0.6707671813900271,0.5036984952524912,0.579979848954169
BayesianRidge,1.7521590028237777,1.0910016950175472,0.5704510170405728,0.8844426020583769,0.5834081352234053,1.0784555422465296,0.8255204529854248,0.7711601009016709,1.5159949403461086,0.7945383433118202,0.84823858875041,1.2645021386941155,0.623354389140493,1.15162672418075,1.0854225248369327,0.5504006133774134,0.5379481439941785,0.4622731044808017,0.7814275120252232,1.2175313248413768,0.767568481421782,0.9691141018705012,1.0385606955713746,0.8571123237002753,0.4743970938463967,0.6362041626083951,0.917382242249473,0.4275238886301376,0.8242508375121737,0.7749233737337915,1.1655025107181665,1.0983874726395662,0.8509715317098601,0.3656667984758899,0.6118951727751363,1.249449375733834,0.4898923125172655,0.7440207417851256,1.0087519968384902,0.7757226229237153,0.6245704514143118,0.5433966842892347,1.112948485091897,0.989719194078082,0.89408929770349,1.1482793641147595,0.9090775504984444,0.8101387533334234,0.8701283939435749,0.8410483686043696,0.689197460301724,0.9513765100126272,0.6968187002374003,1.2785661587714214,1.765427526059746,0.7150681185614486,0.997648610386488,0.5299205055817225,0.6266213154113239,0.996681492255787,1.018645635268849,0.8952684115489227,1.0856205866695352,0.7842077025076118,0.5841906222215206,0.6541797635669317,0.7028862581125143,0.457807124057916,0.4741330975587995,0.63349511989342,0.7869683573784962,0.7905098215108076,0.9979395036677846,0.9113746048373336,0.3991176998396944,0.8169246191526467,0.612150738382735,1.2590246027871477,0.8609874664451249,0.8998534912354279,0.3927977610370922,0.7924664586558791,0.7900392714871579,0.7463915889490262,0.7742064345237791,0.7814741046571488,1.254282295053104,1.0317632693223924,0.8402183843123129,0.9343654810283636,0.9114963005034794,0.6246504115500391,0.6305880505055479,1.3801187668952524,1.158525576644517,0.7337431961503345,1.2127682726917557,0.7335411706848296,0.558072863597765,0.6007530495190854,1.0797432719330364,0.5649888777051911,0.7771927330552636,0.7513770442561131,0.8091841720767569,0.5864626354021708,0.6513222642310654,0.8372756443079429,0.8509902492070045,0.7216738818685673,0.8650578758475338,0.54891989768425,1.1748738007418005,0.8638275756888297,0.767581277499208,0.9595594506441548,0.7477126825865669,0.950119870999116,0.6939625228647525,0.8655104166668889,0.710326520878748,1.071245359047023,0.77676429825085,0.4417397317170036,0.6445448155716943,1.0784519275331428,0.4094533866338525,0.8150572281899952,0.6138092330287823,0.5590354983624644,0.9955129312904952,1.1565752310368245,1.7038851606016368,0.5905702123381898,0.8104144517183851,0.9009976281281872,0.8259744994270991,0.7460990198460397,0.8253868724099371,0.8656570200408624,1.0280175874349684,1.1234863514014226,0.4153803859219543,1.1184536494521946,0.867602402926975,0.4170802564404574,0.6167815107520814,0.8440969982066433,0.8996669252682631,0.7430660132844012,0.6795455632092144,1.33368735049726,0.9178550624144296,0.813384882251487,0.738479868227216,1.0229397852734492,0.8097252379795753,0.8190518143065615,0.8215345836709889,0.8189843719522734,0.7308603951095668,0.6251451086370687,1.3234791421383345,0.5485394596790142,1.6353132609420662,0.6938921023977074,0.7739296855629241,0.8483206460947531,1.0853716015441903,0.4445153502978553,1.232980926464747,0.6535567224076599,0.8196165333679406,0.6963705076419517,1.243545171715044,0.7415399160937577,0.594051184677881,0.8926453277201076,0.6167399112375938,0.8045542324085093,1.5714356075525169,0.7230371392961068,0.5202544562803911,0.7172468973910053,0.9963581887832428,0.8173489763933026,0.4872200364152884,0.6886037053780074,0.8893446559935682,0.9068957348306144,0.5667496779637435,1.2687706847015336,0.6971655612423715,0.8292581456376878,1.202038732497422,1.2178237754148291,0.8687131670331902,0.8596859234400248,0.6992994266979178,0.5260599983227154,0.6431668908909499,1.053965062798382,0.6934514734985308,0.7247292271579663,0.6824529641481135,0.8062206360301655,0.946509089724698,0.6511151956232661,0.5596042213695329,0.9758446557816614,1.0801873179354455,0.8105507336957114,1.1352141066920836,0.7536244126218865,0.8921867140618356,0.6761152211546824,0.4024463065133257,0.9883048448899412,0.6551993661113279,1.2553352820133123,0.6202352703958216,1.2408361861055524,0.3963255205576522,0.6158421555837494,0.6890905079100412,1.3392452106041248,1.0550225091122447,0.8497083071567257,0.3868874585826269,0.8770272298844497,0.6018532210869291,0.7872380905195248,0.8654069453325084,1.0534724486425031,0.6071517600494438,0.9018752571338068,0.3890917332218814,0.9534362302344714,0.7845378713080228,2.398396337231623,0.5992207433544158,0.7585287931563515,1.560378831736177,1.1622978831034558,0.5457164515114091,0.8113695107726766,0.6520605287295121,0.559375629530628,0.8005548499036083,0.6249092327908005,0.5014947558048944,0.5845480381172071
Tweedie,1.797005739893114,1.1021718136337784,0.5854542291947279,0.884059632523165,0.5510982913902365,1.1021488205029302,0.8252301647898912,0.7470117660626985,1.5359412956588523,0.8175622855687399,0.8969455580061123,1.4329697224315945,0.6256585235101996,1.1329035771554654,1.042984802516803,0.5419555314441068,0.5634707100427965,0.4958551888376108,0.7814686663957243,1.1662351142844043,0.7923782643303419,0.9900562407905248,1.0005646044856675,0.8371279154027361,0.6436532664630109,0.6630817645259474,0.9086800946082914,0.4268583348764262,0.8344467510947463,0.8366406448231308,1.2493484200053755,1.0533870740669018,0.8498554151944726,0.4128577480778773,0.6020497202000279,1.3004123040647246,0.5117036105388109,0.7719896750016018,1.0403541709352468,0.8076667067592653,0.6702862441215419,0.5637436646476366,1.052638872295789,1.002901548564682,0.8836340672795312,1.198715733376641,0.9336846452322236,0.9425792373719488,0.8357952679184552,0.8531689392535508,0.680330432834435,0.9233095587257116,0.5791954030208509,1.2707192510126502,1.7582544019147,0.7133018665659274,0.9731325697515096,0.5849389581448172,0.627917177329152,0.9727874780674826,1.020619238686105,0.8803056431438268,1.1107793663084322,0.819089675753117,0.6216587403318506,0.6556397049766528,0.721037215700709,0.4840325849352486,0.5080807426281586,0.7028275601034643,0.807359080979025,0.8720852606900884,1.0061195425465188,0.909651977044163,0.459631482896278,0.817204522398924,0.6157182568643659,1.2576392457352132,0.901913585396836,0.9277442486641008,0.3887447927330751,0.8344505235977975,0.8297220953543143,0.7550841810713196,0.7805891434132831,0.7475883708457365,1.2611788998766116,1.0049403269316306,0.8287059562746915,0.9121226558734328,0.9950508756446416,0.6348994859728372,0.6410813929042264,1.4065863390549538,1.1835161641833802,0.7698288863170692,1.2357276807507296,0.7256404696908397,0.5893883800595083,0.6068521101170019,1.2129033305382948,0.5356291368597094,0.7636830695754303,0.7879672291962683,0.8682387676836715,0.6013553932265258,0.686925805611189,0.8275643175958454,0.7987665757964205,0.7114146315612259,0.872983960383937,0.5355469580201967,1.1473513726778393,0.851231352410872,0.7391862649887413,1.0339241672993904,0.8079288420930548,0.982488780883538,0.7216650383517821,0.8829041691473528,0.739152433583449,1.064981507924848,0.7186986014592576,0.4229647587117531,0.6587894801564246,1.1907638441044368,0.4262494063879805,0.8330917644954906,0.6277745856081449,0.6193784871019765,0.9952228083711624,1.1894604793736778,1.6570440904460988,0.5895925158292494,0.840241160676108,0.9749848636315172,0.853532878049615,0.7609235711092471,0.8417660126125646,0.8666082627214368,1.0315254679897286,1.14011378641507,0.3014408371938973,1.1375598516681074,0.8600304616678129,0.4132087487809587,0.5972245680513713,0.850528134935834,0.9148850204390138,0.791669344526028,0.7746892192497611,1.4004880143798677,0.8750447674573101,0.8225493218811659,0.7411834473719228,1.0206570263560142,0.8201173086494605,0.8451050637415408,0.791744615511867,0.8468935496841624,0.7272316917261101,0.6585943590938067,1.3993064560022832,0.6098049246698012,1.6227241948491866,0.6734325587575061,0.800650296080218,0.8867024038601059,1.055739525038657,0.4912733487117811,1.279865582079596,0.6192868540754496,0.8062995065164956,0.6985171517258421,1.3075924684424969,0.736553984798327,0.6203757178792799,0.8549464143339927,0.6555600460090263,0.7757507805765353,1.540751069034883,0.6700711730262492,0.5489004421106942,0.8010516153908179,1.0013088340103502,0.8005418817289538,0.4763953496640312,0.7213992450743802,0.9145558649841428,0.8775482003299544,0.5788992447555605,1.2517504306541831,0.6809248529652708,0.8291761988739519,1.2513858890656888,1.2264368818713751,0.8995434961648112,0.8983164732111413,0.7234996289887873,0.4815615125963636,0.6325236600846139,0.9360558485148271,0.7127448369490367,0.7506320318451372,0.666856406712376,0.8098674184458989,0.9602591794396164,0.6627079798004037,0.579389825781453,0.9853416104064908,1.128537943487376,0.8583664363871932,1.0662494673013956,0.7831274939987141,0.9004205544081172,0.6528252317375669,0.3991438044538558,1.0155719672796215,0.6622348450663305,1.2609163906101866,0.6194908331096685,1.1871011847641868,0.4303891071613163,0.663399065203757,0.7451174724496489,1.1968052833651557,1.0353610561411697,0.8237848038773732,0.3418684753258922,0.901205166817834,0.573920606786106,0.811245561457583,0.8797475761473053,1.031972878605078,0.5996660565772038,0.851147775981165,0.4983888715678126,0.9537926501768504,0.7588418575740467,2.431378826197743,0.6845903121686646,0.745527388818019,1.512697589346716,1.2050385036956046,0.5454296201811879,0.8054157819075489,0.6557838751734826,0.5794948996478128,0.8007700237730815,0.626446294356985,0.4942740304985879,0.5717565111580284
Ridge,1.7518293683863595,1.0911404949212966,0.5705395924600756,0.8844862123051175,0.5834472491030597,1.0780697921627749,0.8254847481543112,0.7713297365184701,1.5163506673847025,0.7944428819215626,0.8481173509301612,1.2645724665513831,0.6233038836002386,1.1514941583670493,1.0860414638044256,0.5503698788451402,0.537843470915207,0.4619555493922322,0.7815359392884862,1.2179010304366475,0.7671596290801987,0.9691804764233816,1.0388259541629716,0.8572225440695941,0.4738739874484549,0.6360995354496126,0.9174751127730172,0.4275200318951334,0.8240586008628477,0.7745460516019433,1.1649404621446962,1.0987191313580202,0.8510514982123263,0.3655258697024102,0.6119499285847579,1.249148052036682,0.4899065676951211,0.743845541077258,1.0091324226650316,0.7757095743512933,0.6242263693462791,0.5433325013580491,1.1134731266716968,0.9896346064979542,0.8941683463771612,1.1480535119485875,0.9088779941876224,0.8090489072832306,0.870312483254092,0.8411058335352118,0.689342237906793,0.951630827448184,0.697109925264648,1.2785458516560264,1.7653833465241353,0.7150933284427199,0.9976465331665998,0.5301210470776913,0.626694653276893,0.9968576446066464,1.0188257903361662,0.8953382678055903,1.0857888126778743,0.7841963785609753,0.5842144974163268,0.6541527445215432,0.7021683033659749,0.4578325881919469,0.474152896405644,0.6331049704777472,0.786945354006393,0.7903877454918457,0.9980952349124532,0.9114383883494024,0.3985418140031628,0.8170645356450074,0.6121176373169068,1.2590270357046718,0.8608413053272811,0.8995033810413714,0.3930088855442847,0.7923258040936219,0.789879322180101,0.7463666225264507,0.77417622340041,0.7817523080612904,1.2543896556298046,1.0320105929305774,0.8402877920270463,0.9345503745201672,0.9111835966646324,0.6243247662468477,0.6305192039047665,1.3799988401434096,1.1588761736915003,0.7334344180199622,1.2124365823828425,0.7333423228458013,0.5580033081114649,0.6007256071729352,1.0786340083819037,0.5649757550718977,0.777250457628504,0.7511269653080539,0.8086256040766482,0.5862959826241421,0.651282328213795,0.8374811010681246,0.8512045141167198,0.721982533957704,0.8647442079119482,0.5487477658758662,1.1749463013562491,0.8640325156805486,0.7678631476681057,0.9593830706226366,0.7473116621628253,0.9500832707311002,0.6938078759927634,0.8655859991626499,0.7103429404404413,1.071289808972946,0.7770863270915969,0.4419211198702457,0.6445132789190665,1.0780854921358702,0.4096243386152111,0.8150016491871388,0.6133701490049154,0.5586602483404703,0.9954852697244528,1.1563839311603463,1.703921245098791,0.5907504471167314,0.8103770483159461,0.901011389682858,0.8259809854819938,0.7462578760884665,0.8253635131304154,0.8656329175263574,1.0280478030836155,1.1233641852734,0.4157363901223904,1.1184642647550282,0.8678623163854349,0.4169926260837157,0.617211548697091,0.8442211248688829,0.8995054812969657,0.7429027304393716,0.6794429704605891,1.3337441046015424,0.9179640680566272,0.813499366833889,0.7384375687323163,1.0232386733087602,0.8097447793023096,0.819081613445041,0.8217877668732609,0.8188487390277698,0.7307793313515003,0.6253380165585924,1.3234307037925996,0.5481562178112079,1.635415228736335,0.6940409813912244,0.7740767707810983,0.848050932440902,1.0856176835027278,0.4444120460336707,1.2325383513336683,0.6539268034544787,0.8198366958163478,0.6963005306006087,1.2434372397996087,0.7413325293264834,0.5939084931908147,0.8929517305690728,0.6165166579320941,0.8046065380875755,1.571543070910112,0.7234577911725926,0.5203548166129625,0.7168246810020599,0.996476823470372,0.8173811482830811,0.4870209982613192,0.688559546941069,0.8891883939520064,0.9070969390338994,0.5668279436146639,1.2689984864692525,0.6971981579431024,0.8292458985179321,1.2020581958781706,1.2175521849860866,0.8683899653746352,0.8595712747735262,0.6990730440482696,0.5264717307927613,0.6431394249569664,1.054590103785635,0.6935271263494093,0.7246771389974163,0.6825097327351796,0.8061640104109523,0.9463393487255936,0.6511626706400219,0.5597568970461572,0.9757869458161422,1.0799083908455305,0.8105763096501422,1.135483281849232,0.7536434305372437,0.8922556317181579,0.6764408571471294,0.4027936200608428,0.9882206738087268,0.6553894320586248,1.2551440937067275,0.6204341547524984,1.2412256696894344,0.3962767023462448,0.6157139157611642,0.6887096836787803,1.3401611007583607,1.055378639911474,0.8497519822422246,0.3868595543788086,0.8769300130880354,0.60204048446073,0.7872949615716553,0.8652617637246603,1.053633630231299,0.6071124146646679,0.9025019652917584,0.389059821874288,0.9534627474848492,0.7847057362263566,2.39864324315753,0.5987430212697686,0.7586306548728835,1.560665471111895,1.1622356856834888,0.5457098644346676,0.8113342180717729,0.6521022834089055,0.5593064714843564,0.8006444842717065,0.6251915304302939,0.5015571024690734,0.5846828270501414
RandomForest,1.7362793665386436,1.1027894647634158,0.5694822097954658,0.8856899087874509,0.5576469415245666,1.1541181917094965,0.8410927610011358,0.7549993564330315,1.50813920123124,0.8290968575701851,0.9356530567346631,1.207695335365206,0.6068329281565396,1.1741612658709004,1.105812183509466,0.5427107836412298,0.562099343213195,0.4790286978967806,0.7643073822138274,1.2525971099377735,0.8063506494351445,0.9819861627978056,1.0079383509277124,0.8373139892822529,0.5205078261670617,0.6569474453011019,0.9127192584318458,0.4236143937133812,0.8443167582769047,0.7880688867983822,1.2807654265839403,1.043831510250545,0.8432054375785913,0.3552567662562669,0.6271571490072139,1.214614980357508,0.4929903388887721,0.7711942278016249,0.9803967613528602,0.7774077117064252,0.6558140207829148,0.550028317425846,1.0782757817561532,1.0017390716505696,0.8862309602502002,1.194264090608193,0.9041654867720575,0.921057420514401,0.8562340845073285,0.8508443014819698,0.6724098079518165,0.924631158099542,0.6744130838500826,1.30665474367152,1.775304347521235,0.7114884797612244,0.9922673483326144,0.5147233197574553,0.6316562992540039,0.984259308551488,0.995333477660805,0.8928971500358013,1.086279355416696,0.7952785404820021,0.5465177296978293,0.670811976578824,0.7903410805548957,0.4868179454040671,0.478472444370127,0.6617129842384939,0.7782418253781186,0.8053340741045916,0.98025639676115,0.9015738182056532,0.4280001135801765,0.8135219215523265,0.6238234654872505,1.280680602598521,0.8883313024403378,0.9472032693346482,0.3793657376339744,0.8131956929279831,0.8110938457540203,0.7486577169803181,0.7565761743344918,0.7641903668606123,1.246597522912952,1.0053463804652711,0.8346483620054378,0.912850917133408,1.016410094206427,0.6575800714056507,0.625782179344472,1.3686796739750329,1.1741093146699138,0.7730175525107621,1.3075967022947588,0.7457882940132887,0.5711070334879471,0.6257266974239385,1.0992874315625367,0.5869521444058874,0.8885567032711594,0.7899658015402661,0.871436179190053,0.6126863441103398,0.6818148408239046,0.8163289650885607,0.9058047546988218,0.6850736863202923,0.9122406944754176,0.551769167826271,1.1516844997610975,0.831935719283805,0.7641167656216485,0.9816683511866674,0.8031002002185761,0.9713499611343952,0.6957477476494915,0.8709473624432443,0.7054765940796606,1.041573423821578,0.7545233513622253,0.4286683551949194,0.6357655327248938,1.1896972291836023,0.3895682918799362,0.828694590830146,0.6795472760037097,0.5639065098196819,0.982589013557292,1.1693339206956994,1.7400814862602612,0.5517703086772915,0.8503681635635513,0.9257994392118826,0.8099466608137018,0.7852024022861935,0.8294967939738572,0.8571873242412704,1.0337492052784063,1.1360816734721684,0.286917648074835,1.1191560525320798,0.8237900184771062,0.45102252389381,0.6089337482438357,0.8338182276023629,0.9203832140345296,0.7784924374026644,0.6582910334148819,1.3372146065454529,0.8879038203995211,0.822740969567817,0.7500688553679591,0.999689314766748,0.7997910338667288,0.8203997392694593,0.7753437860082824,0.8464193807341288,0.6998334421098669,0.6119243264418147,1.364016575853643,0.5779024834598242,1.6478412297948424,0.6868231601473025,0.7773055793645667,0.895841660669544,1.0652492646703944,0.4260364652607903,1.3231750684100738,0.608391297694876,0.7991541954958109,0.6978806117543737,1.2735993443032545,0.7506698124315018,0.6389205315798887,0.8670949386814509,0.6234943425779791,0.8131847087084791,1.557465290483126,0.6971688260817868,0.5872401518226081,0.7137393053939143,0.9895726026657377,0.8017597142088,0.5093505979296309,0.7113242924221638,0.9107055864044236,0.8870027539021033,0.5508812517180257,1.185146587161228,0.707842236484916,0.8089433045105653,1.209833023075225,1.2225159897132711,0.895758983481834,0.8931795884239289,0.708640986881213,0.4997682319098581,0.6464956821032664,0.969129512951745,0.6601540267556499,0.7262608309367025,0.6816621331237642,0.8020518901776277,0.9326037649325124,0.6461818905731523,0.5330165540174372,0.9570809096424084,1.0910856483220508,0.8636109949610736,1.1279860261778891,0.7367558081185756,0.8837322494034313,0.6493474715421509,0.3830052443682588,1.0138187907358087,0.6447898280186848,1.2994061203680634,0.597620033268957,1.218771812823393,0.3773862748203155,0.6264719673016443,0.7213307583884768,1.1896509521768783,1.0140010754740638,0.8233897958958111,0.3910442425973454,0.8736795292560857,0.578881318032135,0.767488563920692,0.9009094296019636,1.0298680023098146,0.6194772276929764,0.8316387848446208,0.4334815458392768,0.974793354184038,0.7468141926800762,2.330391632516128,0.6457219138148579,0.7641185509373288,1.5284979608652145,1.1702314248942238,0.5460674310242926,0.8324106555122562,0.6202379453364353,0.5959572423802645,0.7985134568663993,0.6664613544667531,0.5053951345213858,0.5762940148782439
Bagging,1.6977607765735363,1.094148886268253,0.5927893382494853,0.8863581550599866,0.5781167790053926,1.121546800526085,0.86323490850197,0.7275252434196493,1.5258567823301123,0.8157039107097707,1.002300114505646,1.223742566885865,0.5999534368968027,1.1676168008027483,1.1088506310127952,0.561463023683257,0.5898893000698578,0.490075811687312,0.7852781574978012,1.277917928742406,0.7708957770052313,0.961465724280506,1.059809000309531,0.823600634964688,0.5145145897309616,0.6412818627273559,0.9173378759048154,0.4396396557285852,0.8705752951109021,0.7629657498390051,1.2030424286496535,1.1130360859635051,0.8506030678977866,0.407825027065915,0.6495079127101956,1.1685844786048782,0.4474511844215152,0.7508137827622816,0.9699010285971692,0.8001698105107089,0.6621454547546222,0.5446522453400955,1.1555625647093912,1.0070851142036132,0.874890835026724,1.2307067412016883,0.8929215864267451,0.8962908179332219,0.8536107375829011,0.8221609087578099,0.7063924747680782,0.926529108750917,0.6574539696289701,1.327982852332116,1.739429151775411,0.7416065316159967,0.9749656283200804,0.5078823891444785,0.6138867397170508,0.9928398597200226,1.0036685440521464,0.921602518150251,1.1563790891689845,0.798217171641502,0.520776744366175,0.696878091319394,0.7476981362306139,0.5161850625616514,0.5258351391877623,0.5890627288340646,0.74777747564228,0.8179209812005613,0.9629041913158376,0.9567987863316786,0.4703637668787143,0.8731136617313474,0.6478324047710288,1.3014497842505723,0.911958475417038,0.8505810658861143,0.3873600735091949,0.7747064282372862,0.8250209922457182,0.7650629079929419,0.7931223832097356,0.8026685220545045,1.2395477454781385,1.0172531865408208,0.8434908733759741,0.9775471156262548,0.9944122157938634,0.5998409507234256,0.6783129121906131,1.3191738749185988,1.231106550772895,0.7722881269347325,1.1758034285907992,0.7599270116846472,0.6291053569530483,0.5698588791297358,1.0298791917543195,0.595017951183001,0.8793941334093609,0.8412017376835196,0.7554246377039074,0.6297848699921462,0.7117179882330548,0.8409864087674708,0.9453777149549902,0.6448772016901664,0.8781091630346832,0.5183296627451865,1.3040727751757637,0.8642562242607551,0.7852738029386654,1.1032579398199711,0.8694701367103403,1.0118424842543507,0.6846370616711855,0.769187778638491,0.7194750119771446,1.0598185510638192,0.7493555234496702,0.4065569499007418,0.6579605870837738,1.2626100505719702,0.3857378749251486,0.8747240259700964,0.6123832828813288,0.5275173933688795,0.9805419060849422,1.1504434075650964,1.733216283781144,0.605236216389789,0.8461284791704481,0.9150319404337912,0.8562619573618704,0.7271087075953139,0.8548002036998453,0.8509579188608244,1.0683534732287077,1.0655333861619545,0.1964632190412149,1.102719679181968,0.8209841212647087,0.4957802900961846,0.7138384339679086,0.8603302749405103,0.9244619737922096,0.8496782597930606,0.6465980696402139,1.319051188408879,0.8847229033959672,0.8288754482397349,0.7590444822518182,0.9821103401350558,0.8025471371786397,0.8632712279352663,0.7457535575398023,0.8616356020736042,0.6778144718760594,0.6564495896090407,1.2691596777383771,0.5367849193513092,1.6550448278463683,0.6926305484256443,0.8433468592254663,0.9085522867687316,1.0948464062385332,0.5158466914583855,1.29506859983815,0.6262045617094217,0.8075342142907657,0.7002437683153435,1.2837225005393114,0.750439643754938,0.6255220655871676,0.8482161985743141,0.6277918831332602,0.7860647285473733,1.5525587744753708,0.7566785580527664,0.5500557948105013,0.6567839114633788,0.9955097566558624,0.8030546245935752,0.4963679325412841,0.7684389754055349,0.9076124900021236,0.9126099052697784,0.5603208436333744,1.1965692979566265,0.7096400742970173,0.8132576668772424,1.1939817912355717,1.2916842270292312,0.820818630741419,0.9727939061513772,0.7046961689233342,0.5257434681663496,0.6831431053342142,0.9838638607568364,0.7837764044844623,0.7078203667534793,0.6993154464295775,0.8108928369084706,0.9332146450909926,0.6695096087589666,0.5651183198842725,0.9445081131481426,1.0810070239925738,0.9013525509232378,1.2583585279476073,0.7489779097699503,0.888346133810848,0.6244989489084822,0.4899077110128088,1.0288065231301593,0.6761796038407637,1.2092070125409016,0.6188225578237695,1.2626319962166823,0.4525996284100808,0.5928308163798409,0.7486387846422443,1.2297763527473589,1.1217668159270868,0.8466045665876566,0.4551987112496585,0.9286949781722076,0.6092237673778417,0.8317741462787148,0.8967112185237378,1.0495923030694465,0.642613412339516,0.8370473794491332,0.3915354797261239,0.9441633130879812,0.8328425238307855,2.453954753320104,0.6613532325001847,0.8031289460076182,1.5541630941895623,1.1613183773324949,0.5922767892546588,0.8590281290786035,0.6070974626474226,0.6740565376609289,0.8156728389456832,0.7482837855854385,0.4993403682707855,0.5701243617346664
AdaBoost,1.699914218325132,1.075489202399474,0.5656564105383626,0.9187714874264334,0.5162124433734581,1.1521333848397917,0.8392632542880464,0.7450697204514326,1.528274042796666,0.8168153836850632,0.9398192142234548,1.1208332622170578,0.6719362020231598,1.1601937064082892,1.1055946424809495,0.5383940695088288,0.5776526754927869,0.4474286149573133,0.7719653846188307,1.190920672077995,0.8075492621511744,1.0263506845769548,1.0241360071088623,0.8366535079553937,0.4968255784603306,0.663668951427365,0.9176087899207483,0.4092468197934039,0.860063856995507,0.8693720791595786,1.242666516453825,1.0408477138307035,0.8568014341324488,0.3878728743254327,0.5974226345768751,1.2712747683243095,0.5897568518048772,0.766962381226873,1.0167325848005202,0.7706692995220631,0.7239824874445928,0.5838227051048899,1.0367625191916858,1.016548289408184,0.909451689630639,1.218108883042318,0.9180886012008758,0.9825718452522192,0.8740587420456096,0.8880840611188935,0.7839432383131644,0.9255128360809632,0.6462504132315982,1.2814780819525102,1.766857053065647,0.7152290612309297,1.0211264911885969,0.5032281434617739,0.641634834050636,0.9850587186255592,0.9897334698473385,0.874368942385671,1.1148837523510664,0.8240763402637318,0.5802142895031663,0.6655158501708786,0.8484504777683879,0.479565194377017,0.4831185480511991,0.7463359852505986,0.8251352261917223,0.8734669355601126,0.987093735556595,0.9164086596400146,0.472848702848013,0.8393587589724006,0.6409388041684198,1.2726344705832846,0.9068674848087904,0.9460701506826072,0.3961020219974603,0.8105154616137503,0.8417837346577469,0.7566053582365481,0.7227694450878324,0.7624785093405013,1.2563974982979331,0.9969668469027791,0.8358016049822249,0.913040539980352,0.9731156127147352,0.6644747177732091,0.6252161325942174,1.386044507466044,1.1563234993713958,0.7705584310637473,1.2717350387744997,0.7983525142871176,0.5632579801022618,0.5924868642881996,1.21104017559568,0.5821404015519809,0.7987102124935117,0.8044145770007778,0.9781359251499528,0.6335268938903165,0.679672232187155,0.8272292135850065,0.8621530474388427,0.7045799786770595,0.957756536595732,0.6073643923051923,1.1945410329098884,0.8252080136438434,0.7620676686245823,0.9648802402741457,0.8293791822626356,0.9631726117218627,0.7308083990347862,0.8480357124111245,0.6946646593918775,1.0434901420757088,0.7911326341787959,0.439288601179722,0.6691152761667815,1.142517285838772,0.4032553035089701,0.8564348969201391,0.7507651271125265,0.7057013773308937,0.998759377876464,1.1873466908823092,1.6778865893555222,0.5802748242587018,0.8592221453849015,0.93833031510832,0.8437538602488611,0.7722568523180138,0.8909736998290202,0.8792232096996042,1.0149148855280243,1.1458721441684354,0.2890978593556921,1.1254114655936645,0.8185364630624811,0.4156138348478349,0.5854698991035862,0.8195116858850183,0.9363558657758408,0.7620205139012726,0.6566404290114364,1.3831472097695177,0.8947933656094559,0.8656270099828228,0.7429808603620388,0.962691031107772,0.8137557089875717,0.838644675160913,0.805912237087624,0.8705741284967894,0.7308704676941158,0.5988482658840292,1.3440029257644337,0.6085453389262366,1.6423942625622414,0.6652056710387,0.7964596917052532,0.9290428605743452,1.05385323411447,0.4160391966949824,1.2990354922686251,0.6143820551464133,0.80351995132865,0.6965100257675484,1.2324124948283994,0.7951786464179551,0.6307425935334154,0.8994971173583358,0.6352624958515137,0.9006870183851786,1.5361765497440651,0.726126570140402,0.5486223338266706,0.8301743712972995,1.0163734119465684,0.8432974165592243,0.5235160784656478,0.7595598994626034,0.9034054118293094,0.8870980261241315,0.5484581292705653,1.2318438925126804,0.6924720408418021,0.8575366308255573,1.1898704022913726,1.2276460496572266,0.9103837490649686,0.8980369573820624,0.727713830324421,0.490087318975871,0.6697764934916312,0.949149911345454,0.7055537883193636,0.7244885942333193,0.6772521673129988,0.797425824063147,0.9576105404216722,0.6480840327940512,0.6099277519606412,0.9587272344137786,1.1127453866185602,0.8465723450115871,1.1238581761493207,0.7535374220772573,0.9011755494539092,0.6753666491396689,0.378422190752491,1.0282782118605986,0.6458572237920884,1.2016815687011793,0.6152206398393197,1.1812843750858455,0.3753331340811388,0.6427518510997102,0.7310121830610653,1.18601450913328,1.0198057366964317,0.8837134933867543,0.323189772779655,0.8868274623941313,0.5898230833439299,0.7373702753805402,0.8878618870563594,1.0168830886955222,0.6229086236531372,0.824134763819783,0.422664305777529,0.9653249943681876,0.7612605922465544,2.3831047674685406,0.7051723356853813,0.7586889980221245,1.52074250866488,1.1973334120378585,0.5356977495826526,0.8140111975333758,0.6373849704769066,0.5214504966293823,0.8068198146644489,0.6883151032217215,0.5168875030169952,0.5582418459295735
GradientBoosting,1.7112963688787497,1.102640104589788,0.5633822824447172,0.890243274487291,0.5532134215530169,1.1485484821695835,0.8291213904894699,0.7632146281901527,1.5070919699354146,0.8236370519568248,0.9273834788723408,1.1850963401408507,0.6188895043176685,1.1757718179261476,1.094062811189539,0.5256337348112534,0.5617093263512148,0.4679468474587044,0.7754365696214051,1.247835502286725,0.7347621904108291,0.9871633734239376,1.0158319805194385,0.8477597968106482,0.5131717707717456,0.6600806565167616,0.9135521436237984,0.4227362107858992,0.8517713540627337,0.7893518297112583,1.2275536903792776,1.0401466439651288,0.8435557163006093,0.3679189638542652,0.6208172041894074,1.1572720375112315,0.5047909154562461,0.7724554738444801,0.9954572953912216,0.7754298389044895,0.6568344398918928,0.5595712888011758,1.078515837999609,1.0070283564441425,0.8980636319739985,1.1807439196558134,0.9026654641146896,0.9233127272169204,0.8610994409314394,0.8414762769917274,0.7027311784612225,0.9428530565731168,0.6573154330849028,1.2864192171620563,1.7899131895858489,0.719201930400631,0.9942653027156514,0.5126810563803694,0.6327749038091296,0.9711068226849292,0.9987676892253888,0.8873561981026578,1.0692200614492602,0.7930586048708667,0.5619787498397772,0.6695547452884507,0.8006867205367667,0.4782903957243825,0.4690733642312665,0.6702257668014071,0.7898251109206589,0.8039844265877075,0.9746393626622336,0.9068967835537232,0.405057089772038,0.8116496347454605,0.6237825900664491,1.2686858440941529,0.8745874762838696,0.958437721576846,0.3703982437559479,0.8112126305193986,0.8067803435521265,0.7502183713180811,0.7631455886859531,0.7627871571234894,1.2482450494580957,1.0032737157161356,0.8346013390806876,0.9051602190718742,0.9863903686097698,0.6548732880938192,0.6198241007850809,1.379439188426327,1.1607745250897143,0.7593370988199755,1.3019059527910302,0.75325949690681,0.5692217531317251,0.6101609067149855,1.0586630167067457,0.5607164915526328,0.8408981611501409,0.800603262740754,0.8895410078048204,0.6164112365305731,0.6767592840841273,0.8164501348909589,0.8567835274695011,0.6965037541522932,0.9073720785624296,0.5395380031860463,1.164601979342191,0.8255161274605602,0.7609265867026671,0.9629971216504216,0.80590466317298,0.9705380241895069,0.7032208267462728,0.8413721643515846,0.6992105925497778,1.050246975444037,0.7601205848524636,0.4299366295164345,0.6395475123852505,1.1617893651186342,0.394575189919837,0.8257742850837132,0.675459201227394,0.5894115658295649,0.9831775162694876,1.1674888446549283,1.723600467596922,0.5532081217061756,0.8639424175106464,0.9212316634264104,0.8164329406734885,0.7754998849215525,0.8274911057814512,0.8710948975880384,1.0340337549267005,1.1345951447215548,0.2575443432375565,1.1312684903672272,0.8155515366870226,0.4406856810928491,0.5851674275030697,0.8215954533448302,0.9265286071728932,0.7642373827574402,0.646616943102881,1.3304307128452766,0.8891782475971232,0.8353921706632635,0.7447427031795982,1.0014924534821903,0.8046564589921317,0.8290666814845902,0.7735348065990855,0.8449035182129019,0.6909643083329057,0.6003119200109185,1.3640959156005892,0.5715173760796879,1.657344486616752,0.6913558824769868,0.7661214154304663,0.895995173559123,1.060001703368143,0.4049358155654954,1.3249245438803656,0.6149515293303982,0.8020245176684967,0.7005265668044186,1.261670009775934,0.7680045965099127,0.622346013244805,0.8764950939981202,0.6371823893394498,0.7906484825545337,1.5623841873728064,0.7038975005107855,0.5534596275037665,0.7865667635109089,0.9931336005404576,0.8148058944288792,0.4960284459613819,0.7178016359858376,0.9082085489763236,0.8869781229218507,0.5552119553440484,1.2164241392668536,0.6876801089771896,0.815854712609955,1.2035582052805796,1.2547327038201723,0.8946162828448536,0.8898514334951098,0.7124533051120459,0.5040648744974482,0.6392257793578375,0.9893375738391194,0.6637890118936643,0.7021338148816711,0.6769046749388639,0.8038376994903889,0.9575651103886244,0.6514965099776356,0.5412035868176849,0.9636990991201906,1.1096426491438376,0.8578790765143745,1.1079782720454088,0.7539909707326682,0.8878984819431193,0.6476200205374918,0.386646265661271,1.0098709150024003,0.6539828093119592,1.2794166637240156,0.6042581108694722,1.2202138533849145,0.378716884167488,0.634298633951203,0.7167561660020161,1.2182346371947694,1.0208461575800103,0.8311554755693863,0.3700506932316629,0.8724534984790272,0.580802020230231,0.7769051705532055,0.8992020189930297,1.0241764350173248,0.6195182878832601,0.842922167830377,0.4322484471369217,0.9737283717727518,0.7656264799724687,2.3491104250935115,0.6462746090001934,0.7562784046942579,1.5244107519562673,1.1696138259237123,0.5336910374188736,0.8253553975051426,0.6259304162900877,0.5846573957732863,0.806440111476545,0.6584741026327624,0.5016543496871319,0.567907896279744
LinearSVR,1.775420570228818,1.1050946741640284,0.563210757674524,0.8825927780914679,0.6007292521737584,1.0979234059208582,0.8278279376597069,0.783243156572854,1.5226846163036714,0.8057357719180582,0.8764781057470495,1.3012304532286518,0.6049929100769045,1.1692370694301797,1.083642864296403,0.5404596583401656,0.5343600592796334,0.4603934045520305,0.7716580190788783,1.2124680743073406,0.775774366266103,0.9815693983116256,1.0496841914567034,0.8676552423452623,0.498917572289517,0.6504271530972991,0.9228621297728364,0.4268648477610161,0.8286679126457249,0.7610775810186127,1.1687398559403002,1.1091093415073618,0.8420644368684641,0.374287049069532,0.6290530003313062,1.2516099723349114,0.460044458326677,0.7366273858083267,1.0137794654622598,0.7862737120183084,0.6113491884787237,0.5429319168817044,1.1208837074772726,0.9887911412948708,0.889427638970127,1.1309648509441268,0.9028177682802472,0.7902490894627704,0.8686340338220585,0.820648945865338,0.6634257165245598,0.9665708419029716,0.6975498948644357,1.289220497857679,1.7854183371353982,0.713780937056418,0.9822121113204167,0.534952888975688,0.6228130521988666,0.996680701719358,1.0105454673604313,0.9072024648439466,1.059499477577822,0.7796700939476334,0.5581499126401599,0.6577513454107193,0.7142813760756784,0.4533109109645155,0.4707601765638587,0.6317023247379309,0.7726734198238911,0.7948595323601889,0.9831309452532894,0.9101493801172456,0.4024243223261801,0.8024066053843718,0.6029305467376433,1.2507041045243812,0.8469185895345155,0.9086581783524148,0.3802101293070491,0.7979437859529647,0.7797993529722859,0.7472952459927681,0.744163079230545,0.7636441967621292,1.24911757189593,1.0220975428939962,0.8355267794974284,0.9241013803642064,0.8967021203286797,0.635583687459213,0.620633947907599,1.3713892547331217,1.17847761791069,0.7201000488924014,1.250999478977831,0.7067257578526236,0.5455841149597807,0.6149263080639331,1.0843506239877592,0.561295880654327,0.7780841630409305,0.7501094862161161,0.7724717348233806,0.5864071143377138,0.6543997226034529,0.8263664773750722,0.8537956569655498,0.7171659869130053,0.8809293068942957,0.5358052199184733,1.1798018711106808,0.8562631791547338,0.7623582150915607,0.9595639891379504,0.7385823450781097,0.9661970921736888,0.6953637372388701,0.8842534280242934,0.7170458445528006,1.0626279616031358,0.7548121209061474,0.4464037913631754,0.636348092293883,1.0628285570194742,0.3976931726460911,0.802751596655051,0.6091225694252029,0.5449313866999265,0.9925830121969916,1.1502972848060895,1.720273581845246,0.5760816070321721,0.8373828323994547,0.9074147983918318,0.8131590855759767,0.7512835706824884,0.7998159861040409,0.8555561579162667,1.0335272907806183,1.1462898994903852,0.415020290854294,1.124257041748984,0.8827448552572791,0.4323041732318029,0.6347935135340699,0.8554293877320208,0.906146892321199,0.7353099510705039,0.6913538868365787,1.3375437833795147,0.945903706986732,0.8210493806724146,0.7448480394403948,1.055071326598272,0.8009199934928155,0.7986728384830695,0.7943270366956077,0.8116718963376597,0.7080169633578213,0.633216864487332,1.3424877350241784,0.5247029971335371,1.6527137259832705,0.6920835914398981,0.7679795943016592,0.8369931987495726,1.0989165726475774,0.464126364371643,1.2403995285624585,0.6482403073624637,0.8275343631197366,0.7036493085924399,1.2754185562324156,0.7278722051228255,0.6162178452830344,0.8999245737536299,0.6322993554339278,0.7691119338455171,1.5917060832459695,0.7081013185328339,0.4994778914698997,0.7418186035446641,0.999507792586768,0.8080884261190099,0.4766407536856818,0.6792773444659577,0.909038784849624,0.9184320157044644,0.5643981625415461,1.283500661778909,0.701385429902218,0.7992680465778833,1.2184620471476866,1.2091381574155302,0.878494741534754,0.8444530616705981,0.6956437324179571,0.5239021226010833,0.6509081582901988,1.0480763842984344,0.6770897280980099,0.732330701720215,0.6892187664404117,0.8149026047481324,0.9595390432595056,0.6436508469065276,0.5336559371843258,0.9678272925176522,1.053627058227165,0.8134606373207514,1.1514585636377217,0.7351940852064436,0.8858471731740668,0.6734768322008078,0.3815176005696998,0.9673571160578316,0.6475196967090995,1.2779248564967625,0.6200391523531701,1.2551028042120425,0.3993960393752234,0.609543856898413,0.6798431751432803,1.3534649562302574,1.0610719426820596,0.837272312466892,0.392303001828518,0.8611590611713736,0.5845326339035002,0.799572767747,0.8847354756011159,1.0523796681416135,0.6101286231376278,0.8942049918748367,0.4062508274976505,0.9646990337915088,0.7554308330948868,2.447329441126074,0.5889493326141081,0.7604919264510641,1.551441886228492,1.1750863474563098,0.5437825639285375,0.8146597209402453,0.6352205799629534,0.5643142387414047,0.7917189297366554,0.623836708150529,0.5033261265061431,0.5853089246137542
